%{
Dynamics properties of this robot arm
- Material: PE (only applied for the costumed-made components - links) 
- Purpose: resilient material against chemical and toxic environment, 
reasonable price per kg, light weight system design, acceptable mechanical
properties, such as Young's module, maximum tensile strength, fatigue
toughness, fracture strength.
- Unit: measurements conducted is in millimeters for length and grams for
mass. Mass (grams), volume (cubic millimeters), surface area (square
millimeters), center of mass (millimeters), moment of inertia (grams *
square millimeters)
- Abbreviation: com (center of mass), PAI (principal axes of inertia), PMI
(principal moments of inertia), MICOM (moments of inertia at center of
mass), MICS (moments of inertia at output coordinate system)
%}

%% ------------ WHOLE SYSTEM ------------
whole_sys.mass = 349.97;
whole_sys.volume = 360215.03;
whole_sys.surface_area = 213462.11;
whole_sys.PAI = [-0.96, 0.10, -0.26; % Ix
                 0.27, 0.37, -0.89;  % Iy
                 0.01, -0.92, -0.39];  % Iz
whole_sys.PMI = [529673.31, 2143094.30, 2357570.25];

% Coordinate 1
whole_sys.com_1 = [53.88, -15.13, 75.09];
whole_sys.MICOM_1 = [651705.71, -146823.19, 400612.34;
                     -146823.19, 2310698.96, -116301.73;
                     400612.34, -116301.73, 2067933.18];
whole_sys.MICS_1 = [2705143.91, -432153.32, 1816532.83;
                    -432153.32, 5299980.18, -513953.57;
                    1816532.83, -513953.57, 3164042.34];

% Coordinate 2
whole_sys.com_2 = [53.86, 35.40, -22.21];
whole_sys.MICOM_2 = [651546.90, -145923.11, 400675.38;
                     -145923.11, 2310857.77, -116084.38;
                     400675.38, -116084.38, 2067933.18];
whole_sys.MICS_2 = [1262790.94, 521351.91, -18026.11;
                    521351.91, 3498787.26, -116084.38;
                    -18026.11, -116084.38, 3521752.27];

% Coordinate 3
whole_sys.com_3 = [-75.81, -16.17, -22.21];
whole_sys.MICOM_3 = [651546.90, -145923.11, 400675.38;
                     -145923.11, 2310857.77, -116084.38;
                     400675.38, -116084.38, 2067933.18];
whole_sys.MICS_3 = [915737.14, 283095.78, 989997.14;
                    283095.78, 4494802.86, 9622.48;
                    989997.14, 9622.48, 4170714.08];

%% ------------ LINK 1 (BASE) ------------
Link1.mass = 204.72;
Link1.volume = 210250.93;
Link1.surface_area = 129125.87;
Link1.PAI = [-0.01, -0.16, 0.99; % Ix
             0.01, 0.99, 0.16;  % Iy
             -1.00, 0.01, -0.01]; % Iz
Link1.PMI = [119720.15, 364493.75, 383151.27];

% Coordinate 1
Link1.com_1 = [1.77, -4.90, 59.45];
Link1.MICOM_1 = [383138.34, 396.84, -1757.69;
                 396.84, 358222.61, -38675.05;
                 -1757.69, -38675.05, 126004.21];
Link1.MICS_1 = [1111477.70, -1379.86, 19810.83;
                -1379.86, 1082296.13, -98267.34;
                19810.83, -98267.34, 126004.15];

% Coordinate 2
Link1.com_2 = [1.75, 45.61, -37.86];
Link1.MICOM_2 = [383138.76, 383.32, -1736.71;
                 383.32, 358222.19, -38676.00;
                 -1736.71, -38676.00, 126004.21];
Link1.MICS_2 = [1102354.73, 16699.79, -15280.75;
                16699.79, 652250.05, -392137.10;
                -15280.75, -392137.10, 552442.76];

% Coordinate 3
Link1.com_3 = [-127.92, -5.96, -37.86];
Link1.MICOM_3 = [383138.76, 383.32, -1736.71;
                 383.32, 358222.19, -38676.00;
                 -1736.71, -38676.00, 126004.21];
Link1.MICS_3 = [683822.82, 156566.32, 989683.85;
                156566.32, 4001678.94, 7545.06;
                989683.85, 7545.06, 3483339.74];

%% ------------ LINK 2 (MID LINK) ------------
Link2.mass = 108.74;
Link2.volume = 111806.54;
Link2.surface_area = 64828.37;
Link2.PAI = [-0.99, -0.15, 0.00; % Ix
             0.15, -0.99, -0.07;  % Iy
             0.01, -0.07, 1.00];  % Iz
Link2.PMI = [48797.36, 224964.61, 242225.00];

% Coordinate 1
Link2.com_1 = [105.49, -39.15, 97.09];
Link2.MICOM_1 = [52637.13, 25729.69, -228.09;
                 25729.69, 221203.36, 1140.25;
                 -228.09, 1140.25, 242146.48];
Link2.MICS_1 = [1244297.47, -423355.05, 1113494.27;
                -423355.05, 2456327.37, -412169.58;
                1113494.27, -412169.58, 1618926.56];

% Coordinate 2
Link2.com_2 = [105.48, 11.41, -0.21];
Link2.MICOM_2 = [52665.09, 25820.72, -228.71;
                 25820.72, 221175.40, 1140.13;
                 -228.71, 1140.13, 242146.48];
Link2.MICS_2 = [66829.95, 156714.28, -2693.72;
                156714.28, 1431160.62, 873.47;
                -2693.72, 873.47, 242146.48];

% Coordinate 3
Link2.com_3 = [-24.18, -40.16, -0.21];
Link2.MICOM_3 = [52665.09, 25820.72, -228.71;
                 25820.72, 221175.40, 1140.13;
                 -228.71, 1140.13, 242146.48];
Link2.MICS_3 = [228045.52, 131433.29, 336.44;
                131433.29, 284781.21, 2078.58;
                336.44, 2078.58, 481122.67];

%% ------------ LINK 3 (END EFFECTOR) ------------
Link3.mass = 36.51;
Link3.volume = 38157.56;
Link3.surface_area = 19507.87;
Link3.PAI = [-1.00, 0.01, 0.00; % Ix
             0.00, 0.00, -1.00;  % Iy
             -0.01, -1.00, 0.00];  % Iz
Link3.PMI = [3726.42, 62803.60, 65037.03];

% Coordinate 1
Link3.com_1 = [192.35, -0.99, 97.30];
Link3.MICOM_1 = [3730.02, -469.32, -9.38;
                 -469.32, 65033.44, -1.59;
                 -9.38, -1.59, 62803.60];
Link3.MICS_1 = [349368.75, -7418.41, 683227.73;
                -7418.41, 1761356.68, -3516.66;
                683227.73, -3516.66, 62803.60];

% Coordinate 2
Link3.com_2 = [192.32, 49.62, -0.01];
Link3.MICOM_2 = [3729.52, -436.06, -9.38;
                 -436.06, 65033.93, -1.59;
                 -9.38, -1.59, 62803.60];
Link3.MICS_2 = [93606.25, 347937.85, -51.64;
                347937.85, 1415376.59, -12.50;
                -51.64, -12.50, 1503022.99];

% Coordinate 3
Link3.com_3 = [62.65, -1.95, -0.01];
Link3.MICOM_3 = [3729.52, -436.06, -9.38;
                 -436.06, 65033.93, -1.59;
                 -9.38, -1.59, 62803.60];
Link3.MICS_3 = [3868.81, -4903.82, -23.14;
                -4903.82, 208342.71, -1.16;
                -23.14, -1.16, 206251.67];